1593
tensor([[[ 10.7435,  13.6655,   0.8772],
         [ -8.8503, -13.3492,   0.6198],
         [ -2.0527,  -0.2930,  -0.8747],
         ...,
         [ -2.4382,  -1.4102,   2.6780],
         [  0.4063,   1.6154,  -0.7969],
         [  2.0123,  -1.3227,  -2.3828]],

        [[ -1.6463,   1.1772,   5.6508],
         [  2.0567,  -1.1897,  -5.2212],
         [ -0.3851,  -0.0266,  -0.0743],
         ...,
         [ -0.1212,   0.8573,  -6.2484],
         [  2.5139,  -0.5882,   2.7988],
         [ -2.8340,  -0.3502,   3.4805]],

        [[  0.2301,   0.8006,   1.0727],
         [ -2.3166,  -1.0796,  -0.9646],
         [  0.1964,   0.5326,   0.0465],
         ...,
         [ -0.1548,  -0.7172,  -0.8508],
         [  1.4426,   0.8494,   1.7752],
         [  2.9869,  -2.1131,  -1.3259]],

        ...,

        [[  0.7102,   1.7294,  -1.6662],
         [ -1.3813,  -0.2957,   0.1819],
         [  0.2499,  -2.1187,   1.7561],
         ...,
         [ -5.3233,  -5.3942,   7.6156],
         [  1.5392,   0.4648,  -0.3937],
         [  3.6312,   4.9677,  -7.2844]],

        [[  1.2586,   0.8727,   0.0373],
         [  0.9337,  -0.2027,   0.7903],
         [ -2.6676,  -0.5959,  -0.9565],
         ...,
         [  0.7655,  -1.6959,   0.6744],
         [ -0.5636,   1.5333,  -1.1815],
         [ -1.1147,   0.1275,   0.8121]],

        [[ -0.4296,  -0.2087,   1.2688],
         [ -1.1311,   0.2326,  -0.3581],
         [  1.6751,  -0.2978,  -1.0440],
         ...,
         [  0.4329,  -0.6846,  -0.0343],
         [  0.0764,   0.2951,   0.0520],
         [ -1.3544,   0.1768,  -0.6157]]], device='cuda:0')
tensor([-30005.2695, -29997.4863, -29994.1855, -30023.6191, -29992.4902,
        -30017.5977, -30024.5176, -29998.4004, -30028.5625, -30026.3125,
        -30004.9199, -30015.0586, -30024.1680, -30025.6855, -30008.9375,
        -29992.2168, -30013.7188, -30022.3574, -30018.1016, -30022.1426,
        -30026.5059, -30014.7246, -30025.5703, -30005.6230, -30025.4707,
        -29971.5254, -30026.2617, -30009.9453, -30029.9453, -30025.8320,
        -30026.8945, -29980.3457], device='cuda:0')
(tensor([[[ 1.0822e+01,  1.3847e+01,  9.2818e-01],
         [-9.0767e+00, -1.3651e+01,  6.0637e-01],
         [-2.0435e+00, -3.4993e-01, -8.5971e-01],
         ...,
         [-2.2741e+00, -1.1699e+00,  2.8154e+00],
         [ 3.5279e-01,  1.8100e+00, -9.3008e-01],
         [ 1.8361e+00, -1.5896e+00, -2.3507e+00]],

        [[-1.6270e+00,  1.1538e+00,  5.7047e+00],
         [ 2.0452e+00, -1.2652e+00, -5.5056e+00],
         [-3.4455e-01,  1.3343e-02, -5.7156e-02],
         ...,
         [ 7.0984e-02,  1.2659e+00, -6.2638e+00],
         [ 2.3255e+00, -6.7176e-01,  2.7329e+00],
         [-2.8801e+00, -4.2620e-01,  3.4154e+00]],

        [[-2.5466e-01,  7.6224e-01,  8.4481e-01],
         [-2.0597e+00, -1.1073e+00, -1.2026e+00],
         [ 1.0908e-01,  6.2348e-01, -1.1301e-01],
         ...,
         [-2.2224e-01, -9.0634e-01, -6.8974e-01],
         [ 1.4532e+00,  4.6853e-01,  1.7109e+00],
         [ 2.8234e+00, -1.5139e+00, -6.8288e-01]],

        ...,

        [[ 7.0284e-01,  1.7124e+00, -1.5752e+00],
         [-1.3873e+00, -3.0531e-01,  1.8527e-01],
         [ 3.3325e-01, -2.0642e+00,  1.7138e+00],
         ...,
         [-5.2420e+00, -5.5141e+00,  7.6774e+00],
         [ 1.5378e+00,  4.1493e-01, -4.2267e-01],
         [ 3.5488e+00,  5.0182e+00, -7.3392e+00]],

        [[ 1.0351e+00,  7.4940e-01, -5.3278e-02],
         [ 1.0297e+00, -2.0117e-01,  9.1638e-01],
         [-2.7053e+00, -5.5561e-01, -9.3144e-01],
         ...,
         [ 8.8796e-01, -1.4969e+00,  4.7445e-01],
         [-5.4155e-01,  1.4039e+00, -1.0510e+00],
         [-1.0429e+00, -3.0243e-02,  8.3606e-01]],

        [[-2.8538e-01, -2.9135e-01,  1.2876e+00],
         [-1.0965e+00,  8.6403e-02, -3.2433e-01],
         [ 1.5350e+00, -1.8236e-01, -1.0214e+00],
         ...,
         [ 2.5111e-01, -8.7936e-01, -3.7115e-02],
         [ 1.3632e-02,  2.9080e-01,  1.9176e-01],
         [-1.7336e+00,  1.8711e-01, -8.5212e-01]]], device='cuda:0',
       grad_fn=<AddBackward0>), tensor([-30003.8320, -30001.3750, -29995.3242, -30023.3398, -29991.4355,
        -30017.3359, -30023.9453, -30000.4766, -30029.4902, -30026.3242,
        -30005.0859, -30013.8711, -30023.9688, -30025.2891, -30008.9570,
        -29992.8750, -30012.6680, -30021.7910, -30017.2441, -30022.1055,
        -30025.8789, -30014.8652, -30025.1230, -30006.3164, -30025.0625,
        -29970.8555, -30025.8828, -30009.3301, -30029.7500, -30025.6836,
        -30026.2266, -29978.0156], device='cuda:0', grad_fn=<ViewBackward0>))
